// a line with only one value marks a new creature
// the next 8 lines are interpreted in this order: Health; Stamina; Oxygen; Food; Weight; MeleeDamage; Speed; Torpor
// the csv-values are: level1; IncWild; IncDom; TameBonusAdd; TameBonusMult
// if a creature has no oxygen, set basevalue to 0 and the stat will be deactivated
// the next line are the times for breeding in seconds: gestation; incubation; maturation. For non-egg-creatures leave the incubating-value empty, else leave the gestation-value empty
// the next 6 lines are the name of the colorregion and the possible color-ids
// the lines after multipliers are the multipliers used on official servers in the order: Health; Stamina; Oxygen; Food; Weight; Damage; Speed; Torpor; Imprinting
//
// version of this file (is used for update-check)
!2400602
multipliers
// MultAdd;MultAffinity;MultDomLevel;MultWildLevel
0.14;0.44;0.2;1
1;1;1;1
1;1;1;1
1;1;1;1
1;1;1;1
0.14;0.44;0.17;1
1;1;1;1
1;1;1;1
Angler
450;0.2;0.27;0.3;0
240;0.1;0.1;0;0
0;0.1;0.1;0;0
1500;0.1;0.1;0;0.15
350;0.02;0.04;0;0
1;0.05;0.1;1;0.4
1;0;0.025;0;0
900;0.06;0;0.5;0

Body;20;22;24;26;27;29;31;33;34;13;35;14




Tail fin and Accents;19;20;21;22;23;24;25;26;27;28;29;30;31;32;33;34;8;13;35;14;36
Ankylosaurus
700;0.2;0.27;0.5;0
175;0.1;0.1;0;0
150;0.1;0.1;0;0
3000;0.1;0.1;0;0.15
250;0.02;0.04;0;0
50;0.05;0.1;1;0.4
1;0;0.025;.5;0
420;0.06;0;0.5;0
;9480;175500
Back;
Spikes;21;23;32;33;8;14
Leg Plates;20;22;24;33;34;13;35;14
Spike Tips;20;22;24;33;34;13;35;14
Head and Back;20;22;24;33;34;13;35;14
Underside;21;23;32;33;8;14
Araneo
150;0.2;0.135;0.5;0
100;0.1;0.1;0;0
150;0.1;0.1;0;0
900;0.1;0.1;0;0
100;0.02;0.08;0;0
10;0.05;0.1;0.5;0.4
1;0;0.025;0.67;0
80;0.06;0;0.5;0
Thorax and Head;20;22;24;26;27;29;31;33;34;13;35;14

Lower Abdomen;20;22;24;26;27;29;31;33;34;13;35;14
Leg;20;22;24;26;27;29;31;33;34;13;35;14
Scutes;19;21;23;25;26;28;30;32;33;8;14
Upper Abdomen and Markings;20;22;24;26;27;29;31;33;34;13;35;14
Argentavis
365;0.2;0.27;0.5;0
750;0.1;0.1;0;0
150;0.1;0.1;0;0
2000;0.1;0.1;0;0
350;0.02;0.04;0;0
20;0.05;0.1;.5;0.4
1;0;0.025;0;0
600;0.06;0;0.5;0
;10800;196200
Main Body;20;22;24;33;34;13;35;14;18

Wing Tips;20;22;24;33;34;13;35;14;18
Legs;20;22;24;33;34;13;35;14;18
Head Feathers;20;22;24;33;34;13;35;14;18
Underside;21;23;32;33;8;14;18
Arthropluera
500;0.2;0.27;0.5;0
200;0.1;0.1;0;0
0;0.1;0.1;0;0
1200;0.1;0.1;0;0
100;0.02;0.04;0;0
18;0.05;0.1;.5;0.4
1;0;0.025;.2;0
175;0.06;0;0.5;0
Segments;20;22;24;26;27;29;31;33;34;13;35;14
Head;19;21;23;25;26;28;30;32;33;8;14
Sternites;19;21;23;25;26;28;30;32;33;8;14
Legs, Antennae, and Forcipules;19;21;23;25;26;28;30;32;33;8;14

Underside of Head/Segments;19;21;23;25;26;28;30;32;33;8;14
Beelzebufo
220;0.2;0.27;0.5;0
190;0.1;0.1;0;0
0;0.1;0.1;0;0
1500;0.1;0.1;0;0
160;0.02;0.04;0;0
12;0.05;0.1;.2;0.25
1;0;0.025;1;0
200;0.06;0;0.5;0




Stripes;20;22;24;26;27;29;31;33;34;13;35;14

Brontosaurus
2300;0.2;0.27;0.5;0
240;0.1;0.1;0;0
150;0.1;0.1;0;0
10000;0.1;0.1;0;0
1600;0.02;0.04;0;0
60;0.05;0.1;.5;0.4
1;0;0.025;0;0
2000;0.06;0;0.5;0
;18000;333600
Body;20;22;24;26;27;33;34;13;35;14
Spine;20;22;24;26;27;33;34;13;35;14


Back;20;22;24;26;27;33;34;13;35;14
Legs;21;23;25;26;32;33;8;14
Carbonemys
700;0.2;0.27;0.5;0
200;0.1;0.1;0;0
0;0.1;0.1;0;0
3000;0.1;0.1;0;0
270;0.02;0.04;0;0
13;0.05;0.1;.5;0.4
1;0;0.025;.7;0
275;0.06;0;0.5;0
;4500;83400
Body;20;22;24;26;27;33;34;13;35;14
Shell Base;19;21;23;28;30;32;33;8;14


Shell, Plates, and Claws;20;22;24;29;31;33;34;13;35;14
Body Accent;21;23;25;26;32;33;8;14
Carnotaurus
420;0.2;0.27;0.5;0
300;0.1;0.1;0;0
150;0.1;0.1;0;0
2000;0.1;0.1;0;0.15
300;0.02;0.04;0;0
35;0.05;0.1;.5;0.4
1;0;0.025;0;0
350;0.06;0;0.5;0
;6000;166680
Body;20;21;22;23;24;25;26;27;32;33;34;8;13;35;14;36
Horns;21;23;25;26;28;32;33;8;14


Patterning;20;22;24;26;27;33;34;13;35;14
Belly;21;23;25;26;28;32;33;8;14
Castoroides
450;0.2;0.27;0.5;0
180;0.1;0.1;0;0
380;0.1;0.1;0;0
2000;0.1;0.1;0;0
300;0.02;0.04;0;0
1;0.05;0.1;.5;0.4
1;0;0.025;.7;0
350;0.06;0;0.5;0
28800;;222300
Body;21;22;32;33;34;8;13;35;14;37;38;39
Feet;21;22;32;33;34;8;13;35;14;37;38;39


Stripe;21;22;32;33;34;8;13;35;14;37;38;39
Tail;21;22;32;33;34;8;13;35;14;37;38;39
Compy
72;0.3;0.27;0.5
100;0.1;0.1;0;0
150;0.1;0.1;0;0
450;0.1;0.1;0;0.15
25;0.02;0.04;0;0
1;0.05;0.1;1;0.4
1;0;0.025;1;0
25;0.06;0;0.5;0
;3000;333600
Body;21;23;25;26;28;32;33;8;14




Belly;20;22;24;26;27;33;34;13;35;14
Dilophosaur
130;0.2;0.27;0.5;0
100;0.1;0.1;0;0
150;0.1;0.1;0;0
450;0.1;0.1;0;0.15
45;0.02;0.04;0;0
10;0.05;0.1;1;0.4
1;0;0.025;2;0
75;0.06;0;0.5;0
;4200;75900
Body;
Back and Face;
Spike Tips;
Spine and Spike Base;
Frill, Crest and Belly;
Legs and Arms;
Dimetrodon
350;0.2;0.27;0.5;0
300;0.1;0.1;0;0
500;0.1;0.1;0;0
1500;0.1;0.1;0;0
250;0.02;0.04;0;0
20;0.02;0.1;.8;0.5
1;0;0.025;0;0
750;0.06;0;0.5;0
;9000;166800
Body;21;23;25;26;32;33;8;14



Legs and Belly;20;21;22;23;24;25;26;27;32;33;34;8;13;35;14

Dimorphodon
125;0.2;0.27;0.5;0
150;0.1;0.1;0;0
150;0.1;0.1;0;0
900;0.1;0.1;0;0
50;0.02;0.04;0;0
20;0.05;0.1;.5;0.4
1;0;0.025;0;0
100;0.06;0;0.5;0
;4920;90300
Body;20;21;22;23;24;32;33;34;8;13;35;14;36





Diplodocus
1700;0.2;0.27;0.5;0
550;0.1;0.1;0;0
300;0.1;0.1;0;0
10000;0.1;0.1;0;0
800;0.02;0.04;0;0
1;0.05;0.1;.5;0.4
1;0;0.025;0;0
3000;0.06;0;0.5;0






Direbear
400;0.2;0.27;0.5;0
500;0.1;0.1;0;0
270;0.1;0.1;0;0
3000;0.1;0.1;0;0
650;0.02;0.04;0;0
50;0.05;0.1;.5;0.4
1;0;0.025;1.226;0
1000;0.06;0;0.5;0
Back and Head;21;22;32;33;34;8;13;35;14;37;38;39




Belly and Legs;21;22;32;33;34;8;13;35;14;37;38;39
Direwolf
374;0.2;0.27;0.66;0
260;0.1;0.1;0;0
150;0.1;0.1;0;0
1200;0.1;0.1;0;0.15
170;0.02;0.04;0;0
40;0.05;0.1;.4;0.35
1;0;0.025;.3;0
450;0.06;0;0.5;0
15120;;175500
Body;32;33;34;8;13;35;14;18;40;41;21



Tail, Back, and Face;32;33;34;8;13;35;14;18;40;41;21
Feet;32;33;34;8;13;35;14;18;40;41;21
Dodo
40;0.2;0.27;0.5;0
100;0.1;0.1;0;0
150;0.1;0.1;0;0
450;0.1;0.1;0;0.15
50;0.02;0.04;0;0
5;0.05;0.1;1;0.4
1;0;0.025;2;0
30;0.06;0;0.5;0
;5700;55800

Face;21;23;32;33;8;14
Beak;20;22;24;26;27;33;34;13;35;14
Forehead, Neck, and Feet;20;22;24;26;27;33;34;13;35;14

Wings and Patterning;19;21;23;25;26;28;30;32;33;8;14
DodoRex
666666;0.2;0.27;0.5;0
420;0.1;0.1;0;0
150;0.1;0.1;0;0
3000;0.1;0.1;0;0
500;0.02;0.04;0;0
600;0.05;0.1;.5;0.4
1;0;0.025;0;0
1550;0.06;0;0.5;0






Doedicurus
850;0.2;0.27;0.5;0
300;0.1;0.1;0;0
150;0.1;0.1;0;0
3000;0.1;0.1;0;0.15
250;0.02;0.04;0;0
32;0.05;0.1;1;0.4
1;0;0.025;1.25;0
800;0.06;0;0.5;0
18000;;208500
Shell and Plates;21;22;32;33;34;8;13;35;14;37;38;39;29
Spikes and Claws;21;22;32;33;34;8;13;35;14;37;38;39;29


Shell Patterning;21;22;32;33;34;8;13;35;14;37;38;39;29
Underside;21;22;32;33;34;8;13;35;14;37;38;39;29
Dragon
20000;0.2;0.27;0.3;0
400;0.1;0.1;0;0
2000;0.1;0.1;0;0
2600;0.1;0.1;0;0
3000;0.02;0.02;0;0
300;0.05;0.04;.3;0.3
1;0;0;0;0
350;0.06;0;0.5;0






Dung Beetle
200;0.2;0.135;0.5;0
100;0.1;0.1;0;0
150;0.1;0.1;0;0
900;0.1;0.1;0;0
5;0.02;0.08;0;0
5;0.05;0.1;.5;0.4
1;0;0.025;0;0
200;0.06;0;0.5;0
Shell;20;22;24;26;27;29;31;14
Legs;20;22;24;26;27;29;31;33;34;13;35;14

Palps and Leg Patterning;19;21;25;26;28;30;32;33;8;14
Shell Patterning;20;22;24;26;27;29;31;14
Underside;20;22;24;26;27;29;31;33;34;13;35;14
Dunkleosteus
710;0.2;0.27;0;0
200;0.1;0.1;0;0
0;0.1;0.1;0;0
2000;0.1;0.1;0;0.15
910;0.02;0.04;0;0
60;0.05;0.1;.5;0.4
1;0;0.025;0;0
1150;0.06;0;0.5;0
Body;19;20;21;22;23;24;28;29;14



Spots;20;22;24;26;27;33;34;13;35;14
Head;21;23;28;32;33;8;14;36
Gallimimus
150;0.2;0.27;0.5;0
300;0.1;0.1;0;0
150;0.1;0.1;0;0
1000;0.1;0.1;0;0
230;0.02;0.04;0;0
8;0.05;0.1;.5;0.4
1;0;0.025;0;0
420;0.06;0;0.5;0
;5400;95400
Body;19;20;21;22;23;24;25;26;27;32;33;34;8;13;35;14
Feathers;20;22;24;26;27;33;34;13;35;14;36


Spine and Feather Tips;20;22;24;26;27;33;34;13;35;14
Lower Body;19;21;23;25;26;32;33;8;14
Giganotosaurus
140000;0.0005;0.0027;-110000;0
400;0.0005;0.01;0;0
150;0.0025;0.025;0;0
4000;0.0025;0.025;0;0
700;0.01;0.01;0;0
1200;0.05;0.05;-.8;0
1;0;0.0031;0;0
10000;0.06;0;0;0
;4320000;1010100
Body;20;23;24;25;26;27;32;33;34;8;13;35;14



Back, Hands, and Feet;23;25;26;28;32;33;8;14
Belly;20;26;27;33;34;13;35;14
Gigantopithecus
640;0.1;0.27;0.5;0
300;0.1;0.1;0;0
150;0.1;0.1;0;0
1500;0.1;0.1;0;0
220;0.02;0.04;0;0
40;0.04;0.1;.5;0.4
1;0;0.025;.06;0
1100;0.06;0;0.5;0
24300;;277800
Fur Mane;21;22;32;33;34;8;13;35;14;37;38;39



Fur Accent;21;22;32;33;34;8;13;35;14;37;38;39
Skins;21;22;32;33;34;8;13;35;14;37;38;39
Ichthy
275;0.05;0.05;0.3;0
300;0.2;0.2;0;0
0;0.1;0.1;0;0
1000;0.1;0.1;0;0.15
250;0.02;0.04;0;0
20;0.05;0.1;1;0.4
1;0;0.025;0;0
300;0.06;0;0.5;0
Body;19;20;21;22;23;24;28;29;14



Back and Fins;20;22;24;26;27;33;34;13;35;14
Belly;21;23;28;32;33;8;14;36
Kairuku
95;0.2;0.27;0.5;0
200;0.1;0.1;0;0
0;0.1;0.1;0;0
900;0.1;0.1;0;.15
70;0.02;0.04;0;0
8;0.05;0.1;1;0.4
1;0;0.025;2;0
300;0.06;0;0.5;0
;5400;101100
Back and Markings;20;22;24;27;34;13;35;14
Beak;19;21;23;28;30;32;33;14;36
Feet;20;22;24;26;27;29;31;33;34;13;35;14

Osteoderms;20;22;24;27;29;31;34;14

Lystrosaurus
90;0.2;0.27;0.5;0
100;0.1;0.1;0;0
215;0.1;0.1;0;0
500;0.1;0.1;0;.15
90;0.02;0.04;0;0
6;0.05;0.1;.5;0.4
1;0;0.025;2;0
100;0.06;0;0.5;0
Body;20;22;24;26;27;33;34;13;35;14



Underside;20;22;24;26;27;29;31;33;34;13;35;14
Spine and Feet;21;23;25;26;32;33;8;14
Mammoth
850;0.2;0.27;0.5;0
330;0.1;0.1;0;0
150;0.1;0.1;0;0
5000;0.1;0.1;0;0
500;0.02;0.04;0;0
40;0.05;0.1;.5;0.4
1;0;0.025;1.226;0
550;0.06;0;0.5;0
28800;;296400
Fur Mane;20;21;22;23;24;28;29;32;33;34;8;13;35;14;36

Tusks and Toes;23;28;32;33;8;14

Fur Accent;20;21;22;23;24;28;29;32;33;34;8;13;35;14;36

Manta
320;0.05;0.05;0.5;0
270;0.2;0.2;0;0
0;0.1;0.1;0;0
1000;0.1;0.1;0;0.15
200;0.02;0.04;0;0
40;0.05;0.05;1;0.4
1;0;0.05;0;0
700;0.06;0;0.5;0






Megaloceros
300;0.2;0.27;0.5;0
280;0.1;0.1;0;0
150;0.1;0.1;0;0
1200;0.1;0.1;0;0
220;0.02;0.04;0;0
30;0.05;0.1;.5;0.4
1;0;0.025;.2;0
175;0.06;0;0.5;0
21960;;256500
Body;21;22;32;33;34;8;13;35;14;37;38;39

Antlers;21;22;32;33;34;8;13;35;14;37;38;39

Patterning;21;22;32;33;34;8;13;35;14;37;38;39

Megalodon
600;0.2;0.27;0.3;0
320;0.1;0.1;0;0
0;0.1;0.1;0;0
2000;0.1;0.1;0;0.15
250;0.02;0.04;0;0
40;0.05;0.1;1;0.4
1;0;0.025;0;0
800;0.06;0;0.5;0






Mesopithecus
115;0.2;0.27;0.5;0
100;0.1;0.1;0;0
150;0.1;0.1;0;0
450;0.1;0.1;0;0.15
70;0.02;0.04;0;0
10;0.05;0.1;1;0.4
1;0;0.025;1.3;0
60;0.06;0;0.5;0
9600;;111600
Body;21;22;32;33;34;8;13;35;14;37;Bigfoot4;39

Eye Markings;21;22;32;33;34;8;13;35;14;37;Bigfoot4;39;28;30

Back, Lower Limbs, and Tail Tip;21;22;32;33;34;8;13;35;14;37;38;39
Skins;21;22;32;33;34;8;13;35;14;37;38;39
Mosasaurus
3600;0.12;0.18;0.3;0
400;0.1;0.1;0;0
0;0.1;0.1;0;0
8000;0.1;0.1;0;0.15
1300;0.02;0.04;0;0
100;0.05;0.1;.9;0.4
1;0;0.025;0;0
3000;0.06;0;0.5;0
Body;19;20;21;22;23;24;28;29;14

Spinal Ridge;19;20;21;22;23;24;28;29;14

Sides of the Back;20;22;24;26;27;33;34;13;35;14
Underside;21;23;28;32;33;8;14;36
Onyc
250;0.2;0.27;0.5;0
100;0.1;0.1;0;0
150;0.1;0.1;0;0
1500;0.1;0.1;0;0
50;0.02;0.04;0;0
25;0.05;0.1;.5;0.4
1;0;0.025;0;0
200;0.06;0;0.5;0
Main Body;20;22;24;33;34;13;35;14
Claws;20;22;24;33;34;13;35;14
Membrane Shading;21;23;28;32;33;8;14

Abdomen and Legs;21;23;28;32;33;8;14
Wing Membrane;21;23;28;32;33;8;14
Oviraptor
140;0.2;0.27;0.5
120;0.1;0.1;0;0
150;0.1;0.1;0;0
900;0.1;0.1;0;0.15
100;0.02;0.04;0;0
1;0.05;0.1;1;0.4
1;0;0.025;1;0.15
125;0.06;0;0.5;0
;4200;75900
Body;20;21;22;23;24;25;26;27;32;33;34;8;13;35;14



Patterning;20;22;24;26;27;33;34;13;35;14
Belly;21;23;25;26;28;32;33;8;14
Pachy
175;0.2;0.27;0.5;0
150;0.1;0.1;0;0
150;0.1;0.1;0;0
1200;0.1;0.1;0;0
150;0.02;0.04;0;0
10;0.05;0.1;.5;0.4
1;0;0.025;.2;0
160;0.06;0;0.5;0
;5160;95400
Body;20;22;24;26;27;33;34;13;35;14


Spikes and Claws;19;21;23;25;26;28;30;32;33;8;14
Beak and Plates;20;22;24;26;27;29;31;33;34;13;35;14
Body Accent;21;23;25;26;28;32;33;8;14
Paracer
1140;0.2;0.27;0.5;0
300;0.1;0.1;0;0
150;0.1;0.1;0;0
6500;0.1;0.1;0;0
500;0.02;0.04;0;0
45;0.05;0.1;.5;0.4
1;0;0.025;0;0
1300;0.06;0;0.5;0
28800;;333600
Body;20;22;24;29;32;33;34;8;13;35;14;36



Back;20;22;24;33;34;13;35;14
Underside;21;23;32;33;8;14
Parasaur
200;0.2;0.27;0.5;0
200;0.1;0.1;0;0
150;0.1;0.1;0;0
1500;0.1;0.1;0;0
280;0.02;0.04;0;0
10;0.05;0.1;.5;0.4
1;0;0.025;.67;0
150;0.06;0;0.5;0
;5400;95400
Body;19;20;21;22;23;24;25;26;27;32;33;34;8;13;35;14
Beak and Frill;20;22;24;26;27;33;34;13;35;14;36
Frill Edge;19;21;25;26;32;33;8;14
Crest;20;21;22;23;24;25;26;27;32;33;34;8;13;35;14;36
Patterning;20;22;24;26;27;33;34;13;35;14
Belly;19;21;25;26;32;33;8;14
Phiomia
300;0.2;0.27;0.5;0
300;0.1;0.1;0;0
150;0.1;0.1;0;0
3000;0.1;0.1;0;0.15
200;0.02;0.04;0;0
10;0.05;0.1;1;0.4
1;0;0.025;.35;0
240;0.06;0;0.5;0
36000;;416700
Body;23;24;32;33;34;8;13;35;14





Plesiosaur
2400;0.12;0.12;0.3;0
200;0.1;0.1;0;0
0;0.1;0.1;0;0
5000;0.1;0.1;0;0.15
800;0.02;0.04;0;0
75;0.05;0.1;1;0.4
1;0;0.025;0;0
1600;0.06;0;0.5;0
Body;20;22;24;26;27;29;31;14;36
Facial Fins;19;21;23;25;26;28;30;14


Back;20;22;24;26;27;29;31;14;36
Belly;19;21;23;25;26;28;30;14
Procoptodon
400;0.11;0.270000838;0.5
350;0.054287043;0.1;0.1;0
150;0.1;0.1;0;0
1500;0.1;0.1;0;0
450;0.02;0.04;0;0
1;0.05;0.1;0.2;0.25
1;0;0.02;0;0
350;0.034285714;0;0.5;0
14400;;166800






Pteranodon
210;0.2;0.27;0.5;0
300;0.1;0.1;0;0
150;0.1;0.1;0;0
1200;0.1;0.1;0;0.15
150;0.02;0.04;0;0
15;0.05;0.1;1;0.4
1;0;0.025;.365;0
120;0.06;0;0.5;0
;6000;133500
Patterning;19;20;21;22;23;24;25;26;27;32;33;34;8;13;35;14;36
Wing Base;19;21;23;25;26;28;30;32;33;8;14
Face, Crest, and Hands;20;22;24;26;27;29;31;33;34;13;35;14
Inner Crest;19;21;23;25;26;28;30;32;33;8;14
Wing Membrane;19;21;23;25;26;28;30;32;33;8;14
Body;20;22;24;26;27;33;34;13;35;14
Pulmonoscorpius
280;.214285714285714;0.27;0.5;0
200;0.1;0.1;0;0
150;0.1;0.1;0;0
1500;0.1;0.1;0;0
200;0.02;0.04;0;0
15;0.05;0.1;.5;0.4
1;0;0.025;1;0
150;0.06;0;0.5;0


Limb Joints;19;21;23;25;26;28;30;32;33;8;14
Body;19;21;23;25;26;28;30;32;33;8;14
Plates;20;22;24;26;27;29;31;33;34;13;35;14

Quetzal
1200;0.2;0.27;0.5;0
750;0.1;0.1;0;0
150;0.1;0.1;0;0
1200;0.1;0.1;0;0.15
780;0.02;0.04;0;0
32;0.04;0.1;.4;0.4
1;0;0.025;.365;0
1850;0.06;0;0.5;0
;60000;666900
Wing Membrane;19;20;21;22;23;24;25;26;27;32;33;34;8;13;35;14
Crest;19;21;23;25;26;28;30;32;33;8;14
Skins;20;22;24;26;27;29;31;33;34;13;35;14
Freckles;19;21;23;25;26;28;30;32;33;8;14
Beak;21;22;32;33;34;8;13;35;14
Body Feathers;20;22;24;26;27;33;34;13;35;14
Raptor
200;0.2;0.27;0.5;0
150;0.1;0.1;0;0
150;0.1;0.1;0;0
1200;0.1;0.1;0;0
140;0.02;0.04;0;0
15;0.05;0.1;.5;0.4
1;0;0.025;.2;0
180;0.06;0;0.5;0
;7200;133500
Body Accent;20;22;24;26;27;33;34;13;35;14
Feather Tips;19;21;23;25;26;28;30

Body;20;21;22;23;24;25;26;27;32;33;34;8;13;35;14
Feathers;19;21;23;25;26;28;30
Belly;21;23;25;26;28;32;33;8;14
Rex
1000;0.2;0.27;0.5;0
420;0.1;0.1;0;0
150;0.1;0.1;0;0
3000;0.1;0.1;0;0
500;0.02;0.04;0;0
60;0.05;0.1;.5;0.4
1;0;0.025;0;0
1550;0.06;0;0.5;0
;18000;333600
Body;
Spine;

Back;

Belly;
Sabertooth
275;0.2;0.27;0.5;0
200;0.1;0.1;0;0
150;0.1;0.1;0;0
1200;0.1;0.1;0;0.15
200;0.02;0.04;0;0
30;0.05;0.1;.4;0.35
1;0;0.025;.3;0
500;0.06;0;0.5;0
15000;;175500
Body;22;24;33;34;13;35;14



Mane and Face;21;23;32;33;8;14

Sarco
400;0.2;0.27;0.65;0
450;0.1;0.1;0;0
0;0.1;0.1;0;0
1500;0.1;0.1;0;0
300;0.02;0.04;0;0
35;0.05;0.1;.8;0.5
1;0;0.025;.6;0
400;0.06;0;0.5;0
;9000;166800
Body;23;24;26;27;33;34;13;35;14

Stripe, Face, and Tail;23;24;26;27;33;34;13;35;14
Snout and Tail Tip;23;24;26;27;33;34;13;35;14
Plates;23;24;26;27;33;34;13;35;14
Body Accent;23;24;26;27;33;34;13;35;14
Spinosaur
700;0.2;0.27;0.5;0
350;0.1;0.1;0;0
650;0.1;0.1;0;0
2600;0.1;0.1;0;0
350;0.02;0.04;0;0
50;0.05;0.1;.5;0.4
1;0;0.025;0;0
850;0.06;0;0.5;0
;13800;256500
Body;20;22;24;26;27;33;34;13;35;14
Sail Edge;19;20;21;22;23;24;25;26;27;28;29;30;31;32;14;36


Face, Tail, Inner Sail, and Frill;19;20;21;22;23;24;25;26;27;28;29;30;31;32;14;36
Belly;21;23;25;26;28;32;33;8;14
Stegosaurus
570;0.2;0.27;0.5;0
300;0.1;0.1;0;0
150;0.1;0.1;0;0
6000;0.1;0.1;0;0
440;0.02;0.04;0;0
41;0.05;0.1;.5;0.4
1;0;0.025;.964;0
500;0.06;0;0.5;0
;10200;185400
Body;20;22;24;26;27;33;34;13;35;14
Spine;20;22;24;26;27;29;31;33;34;13;35;14
Plate Base and Spike Base;20;22;24;26;27;29;31;33;34;13;35;14
Back;20;22;24;26;27;33;34;13;35;14
Plate Edge and Spike Tips;19;21;23;25;26;28;30;32;33;8;14
Belly;21;23;25;26;32;33;8;14
Terror Bird
270;0.2;0.27;0.5;0
160;0.1;0.1;0;0
150;0.1;0.1;0;0
1500;0.1;0.1;0;0
120;0.02;0.04;0;0
16;0.05;0.1;.5;0.4
1;0;0.025;.2;0
300;0.06;0;0.5;0
;7200;166800
Feathers;21;22;32;33;34;8;13;35;14;37;38;39



Belly/Wings Accent;21;22;32;33;34;8;13;35;14;37;38;39
Beak, Skin, Legs;21;22;32;33;34;8;13;35;14;37;38;39
Titanoboa
300;0.2;0.27;0.5;0
150;0.1;0.1;0;0
150;0.1;0.1;0;0
1200;0.1;0.1;0;0
150;0.02;0.04;0;0
30;0.05;0.1;.5;0.4
1;0;0.025;.2;0
175;0.06;0;0.5;0
Body;20;22;24;26;27;29;31;33;34;13;35;14;36
Frill Middle Line 1;19;21;23;25;26;28;30;32;33;8;14;36
Frill Middle Line 2;19;21;23;25;26;28;30;32;33;8;14;36
Frill Middle Line 3;19;21;23;25;26;28;30;32;33;8;14;36
Body Accent and Inner Frill;19;21;23;25;26;28;30;32;33;8;14;36
Outer Frill;19;21;23;25;26;28;30;32;33;8;14;36
Triceratops
375;0.2;0.27;0.5;0
150;0.1;0.1;0;0
150;0.1;0.1;0;0
3000;0.1;0.1;0;0
365;0.02;0.04;0;0
32;0.05;0.1;.5;0.4
1;0;0.025;1.226;0
250;0.06;0;0.5;0
;9000;166800
Body;20;22;24;26;27;33;34;13;35;14
Face and Feet;20;22;24;26;27;29;31;33;34;13;35;14

Patterning;20;22;24;26;27;33;34;13;35;14
Frill;20;22;24;26;27;29;31;33;34;13;35;14
Body Accent;21;23;25;26;32;33;8;14
Wooly Rhino
500;0.2;0.27;0.5;0
120;0.1;0.1;0;0
100;0.1;0.1;0;0
3000;0.1;0.1;0;0
750;0.02;0.025;0;0
40;0.05;0.1;.5;0.4
1;0;0.025;1.226;0
600;0.06;0;0.5;0
Skins;21;22;32;33;34;8;13;35;14;37;38;39
Back;21;22;32;33;34;8;13;35;14;37;38;39


Underside;21;22;32;33;34;8;13;35;14;37;38;39
Horn;21;22;32;33;34;8;13;35;14;37;38;39